7111111111 B. (1111111111 Leipzig 1111 Berlin

NEUE JAHRBIIOHER ·

111111)Αὸ KLASSISOHII ALTERTUM, GESOHIOH'IE
UND DIIUTSGHI] LITERATUR UNI) 11111 PIDAGOGIK

HERAUSGIIGEBEN VON

101111111ἱὸ statne UNI) ΒΕΒΙΙΗΑΒΙ) etam

XII. Jahrgang. 1909. 1111111111 1οΗ1111. 1111111110.-

1111 11111111111111 111 11111111111111111ί 11111 111 1111111111111 111 ’11111
1111111111 111111111111113111111, 111 11111 11111111 1111111 111111111111 verbunden 111
1111111131 1111111 historischen Bssdung 111 1111111111 111 1111118111111111111111, 111111
111111 11111111111 1111111111 1111111111111111113111111111111311111 1111111-
111Β111111111111111. 11111 einzelnen, 111 uberhaupt 11111 1111 111 111 11111111 111-
11111 1111111111 11111 mig 1111 kann, 1111 111 1111111111 1111111, 111Ι 111111111111111
1111111111 1111111111111111111111 ihm 1111111131111 1111111118111111 1111-
111111111 (11111111 11111111.

111111111111 11111 111 11111111111111111111111 11111111 111111111111111111111-
haugen 11111111 111111111111 111 811111 1111 11111111 111 11 111111 11111. Wonn 111
1111 111· 11 grenan zugon 111 111111111111111111111 1111111111111111111111111
kann. 11 1111111111111 111 1111 1111111111 111 111 111 1111111111 11111111111111111

’ 8111111111 1111111111 1111 1111 1111111111111111111111 Ρο1111111111111 1111 111 1111111.

, Die 1111111 1111111111 11111 hogen 111 111111111111 111 111111111111111313111
11 1111111 11111111 11111111 111 111 1111111111111111 (1111111111 111111.

1111111111 1111111111

num mmmm& zmnmom mommsen ammomum VON

11111. “numanum

1. 1. 1111111111 u 1111 mmm-M 11111111

XVIII. 1111111101. vierteljuhrlich 111 Η111. Ρ1111 11111 Β111111Μ. 20.-

1 Soeben ersehien: Generalreglster m 11111-111, 111-1111.

Μ11 11111111111118 111 ’1111111111111 111 Kgl. Bayer. 1111111111 111
111111111111111111111111191019111ὃθῗ11ἐ1ἑῗῐὶ. [VIII 11921] gr. 8.

1111 1111111111111 1111111111 111 111 gagen-mig 11 11111111 111111111111
111111111111118111111111111111111 Rhamma (Munehoni 111111111111111131111-
1111111 Mnemon 1111 11111 11111111311111 11111111111111 1111111111 111 111 111·
11111 17 1111111111 111111 11111111. sie 111111111 Amabo 1111111111 1111 1111111111,
welche 111 111111111111111113111 1111111111111 (1111111111, 1111111111, 8111111, 111111,
Religion, 1111111111, 1111111111 1111. 1111111111 111, 1111 auch 11111111 11111111
111111111111 111 1111 (1111111 11 1111111111 111 11 111 11111111 111111 111 1111111111
11 1111111. 11111 1111111111 1111111 11111 11111111111111111111, 111111111111111111111
3111111111111 1111111111 11111111111111111, 11111111 11111 1111 1113111111 1111111131,
vom Heraungeber 11111 11111131111111111111111111111 11111111111 111111111111111111-
11111111111111111 1111111111111 11111111111111 11111111111111 (1111111. 1111 11111111
11111111111131 gleiohmuig 1111 81111111 111 11111111111 sedo-mal 111 nme 111111
1111111111 111 11111 Η 1111111 111 1111 1111111111 111 Helm, 1111 Ρ1111111111, 111111
1111111 1111111 1111 11111111111111 1111111111, 1111111111 1111111111 1111111111
11111111111111 1111111111111 1111 sesamum 111111111111111 11111111, 111 1111111111
111 11111111 11131111111111111 111 1111111111111111111 11111111 1111111111 111 von

Ρ. lm 11131111111111 (111111111311111.

 

